
state={
	id=407
	name="STATE_407"

	history={
		owner = KZK
		add_core_of = KZK
		buildings = {
			infrastructure = 3

		}

	}

	provinces={
		432 468 470 508 545 566 576 1210 1247 1254 1290 1318 1378 3467 3502 3515 3538 3563 4254 4294 4322 4351 6424 6491 6515 6551 6564 6588 7341 7370 7438 9420 9445 9462 9513 9526 9528 9538 10253 10299 11433 11472 11473 11480 11482 11510 11524 11552 12128 12235 12242 12254 12270 12298 
	}
	manpower=268572
	buildings_max_level_factor=1.000
	state_category=rural
}
